<?xml version="1.0" encoding="UTF-8"?>
<svg version="1.1" xmlns="http://www.w3.org/2000/svg" width="2000" height="2000">
<path d="M0 0 C660 0 1320 0 2000 0 C2000 660 2000 1320 2000 2000 C1340 2000 680 2000 0 2000 C0 1340 0 680 0 0 Z " fill="#FEFEFE" transform="translate(0,0)"/>
<path d="M0 0 C0.82113281 0.63035156 1.64226562 1.26070312 2.48828125 1.91015625 C9.71138338 7.52044451 16.3649988 13.71736089 23 20 C23.68191406 20.639375 24.36382813 21.27875 25.06640625 21.9375 C53.28814518 49.17704384 72.48343594 87.09529237 81 125 C81.26425781 126.09828125 81.52851562 127.1965625 81.80078125 128.328125 C86.80808644 150.000769 87.43706231 171.48272367 87.37410367 193.61460733 C87.36513173 197.96355031 87.37378829 202.31246508 87.38031006 206.66140747 C87.3894055 214.17372131 87.38818516 221.68597385 87.38012505 229.19828796 C87.36882328 240.07466295 87.3779956 250.95095189 87.39268685 261.82731944 C87.41638145 279.49978701 87.42981265 297.17224388 87.43383789 314.84472656 C87.43408276 315.89925327 87.43432763 316.95377998 87.43457992 318.04026204 C87.43712799 329.81545648 87.43769112 341.59065009 87.43664551 353.36584473 C87.43631241 357.64331054 87.43602705 361.92077636 87.43579102 366.19824219 C87.43572823 367.25389104 87.43566544 368.3095399 87.43560075 369.39717811 C87.4349953 387.0193789 87.44989734 404.6415303 87.47662407 422.2637105 C87.4923906 433.11023113 87.49472783 443.95659189 87.47949005 454.80311412 C87.47000573 462.23179736 87.47481021 469.66038434 87.49070387 477.08905631 C87.49937245 481.36839652 87.50160017 485.64748053 87.48617744 489.9268074 C87.4721434 493.85218801 87.47682528 497.777107 87.49569846 501.70246321 C87.49927878 503.11388875 87.49625849 504.52535184 87.48554879 505.93674129 C87.36612366 522.82776559 92.05527445 539.55236008 103.9375 552.09765625 C117.08128052 564.22080229 131.58157007 570.65552721 149.58984375 570.11328125 C150.38519531 570.07589844 151.18054688 570.03851562 152 570 C153.14662109 569.99033203 153.14662109 569.99033203 154.31640625 569.98046875 C169.48352083 569.3058195 184.51305493 560.35075126 194.7421875 549.640625 C205.95737177 536.5239043 209.3119972 521.52636602 209.2515564 504.7179718 C209.25369699 503.263305 209.25672391 501.80863928 209.26055682 500.35397595 C209.2685762 496.36904679 209.26429969 492.38421183 209.25803804 488.39928305 C209.25349583 484.09548149 209.2605494 479.79169763 209.26634216 475.48789978 C209.27497111 468.02886121 209.27678401 460.56984636 209.27439499 453.1108036 C209.27129103 442.2947591 209.2829604 431.47876673 209.29894479 420.66273537 C209.32490996 403.07179244 209.34492285 385.48084948 209.35839844 367.88989258 C209.35920881 366.83736473 209.36001918 365.78483689 209.3608541 364.70041426 C209.37204493 349.80630439 209.37734968 334.91219824 209.38024123 320.01808473 C209.38044522 318.9719239 209.38064921 317.92576307 209.38085938 316.84790039 C209.38115928 315.28059247 209.38115928 315.28059247 209.38146524 313.68162177 C209.38521433 296.18069826 209.40441491 278.67983101 209.43595374 261.17893571 C209.45475176 250.41017022 209.46090231 239.6415499 209.45013656 228.87277266 C209.4437576 221.46813617 209.45202411 214.06360266 209.47119068 206.65898869 C209.48174426 202.40422109 209.48624806 198.14970433 209.47271919 193.89493942 C209.30484551 136.65300138 221.75753689 82.08444009 259 37 C259.7115625 36.13616699 259.7115625 36.13616699 260.4375 35.25488281 C270.02756104 23.68562297 280.16584329 13.31317625 292 4 C293.40958984 2.84757813 293.40958984 2.84757813 294.84765625 1.671875 C347.1630761 -40.18046088 414.07236335 -54.61527126 479.8125 -47.8125 C497.59326484 -45.73394673 515.2408241 -42.39750122 532 -36 C532.73573242 -35.72849121 533.47146484 -35.45698242 534.22949219 -35.17724609 C569.30623423 -22.18665717 603.90449042 -1.02763947 628 28 C628.84175781 28.96550781 629.68351562 29.93101562 630.55078125 30.92578125 C658.53135434 63.10393068 674.1933271 100.38280419 681.984375 141.87109375 C682.15678711 142.78818115 682.32919922 143.70526855 682.50683594 144.65014648 C683.70141094 152.76438588 684.14798815 160.84251212 684.12304783 169.03678417 C684.12420167 169.98821223 684.12535552 170.93964028 684.12654433 171.91989949 C684.12917942 175.09018761 684.12471461 178.26042437 684.12025452 181.43070984 C684.12069085 183.73359257 684.12156691 186.03647525 684.12284368 188.33935767 C684.12507635 194.65378622 684.12108415 200.96819775 684.11606562 207.28262413 C684.11169503 213.3968305 684.11302656 219.51103706 684.11374746 225.62524452 C684.11505932 238.12748654 684.11172771 250.62972326 684.10573006 263.13196373 C684.0998087 275.50692458 684.09596324 287.88188322 684.09487724 300.25684547 C684.0948085 301.02689815 684.09473976 301.79695082 684.09466894 302.59033842 C684.0943306 306.50120485 684.09402922 310.41207128 684.09374207 314.3229377 C684.09164285 342.00818067 684.08490883 369.69342076 684.07543945 397.37866211 C684.06625194 424.27091456 684.05916984 451.16316622 684.05493164 478.05541992 C684.05480011 478.88466822 684.05466859 479.71391652 684.05453308 480.56829356 C684.05321453 488.89610809 684.05193872 497.22392263 684.05069422 505.55173718 C684.04815815 522.51575879 684.0453369 539.47978034 684.04234314 556.44380188 C684.04220585 557.22374353 684.04206856 558.00368518 684.04192711 558.80726143 C684.03770486 582.70855936 684.0322741 606.60985679 684.02565002 630.51115417 C684.02536869 631.52883291 684.02536869 631.52883291 684.02508167 632.56707081 C684.01746715 660.0447141 684.00857271 687.522357 684 715 C625.92 715 567.84 715 508 715 C507.98541748 698.1896582 507.97083496 681.37931641 507.95581055 664.05957031 C507.94563466 652.83449269 507.93540844 641.60941528 507.92448425 630.38433838 C507.92379172 629.67122254 507.92309919 628.95810671 507.92238568 628.2233813 C507.89901755 604.21562743 507.87155407 580.20788006 507.84101868 556.20013428 C507.84002311 555.41656715 507.83902754 554.63300002 507.83800181 553.82568844 C507.81634272 536.7962112 507.79401998 519.76673488 507.77101372 502.7372594 C507.75973531 494.38587492 507.74860353 486.03449025 507.73754883 477.68310547 C507.73644626 476.8520472 507.7353437 476.02098893 507.73420772 475.16474707 C507.69854623 448.2331212 507.67256526 421.30149658 507.65161031 394.36985559 C507.63002323 366.69154323 507.59865802 339.01325874 507.55500887 311.33497196 C507.54884673 307.42461637 507.54279623 303.5142606 507.53681374 299.60390472 C507.53563285 298.83429898 507.53445197 298.06469324 507.53323531 297.27176611 C507.51452187 284.8887584 507.50610045 272.50576409 507.50153876 260.12274397 C507.49673144 247.67028408 507.48105527 235.21787529 507.45433434 222.76544282 C507.44015928 216.01979426 507.43115052 209.27423548 507.43499184 202.52857018 C507.43840291 196.35115785 507.42803193 190.17392661 507.40676448 183.99655136 C507.40149775 181.76351901 507.40126045 179.53046784 507.40660437 177.29743567 C507.44998838 157.11021958 505.09858826 140.51423225 490.4296875 125.27734375 C476.49015263 112.21183117 460.81304693 107.32797951 441.96875 107.66015625 C425.36684489 108.42840877 410.04786722 118.06342421 399 130 C388.93186616 143.26822843 385.68942253 155.87004984 385.7484436 172.27529907 C385.74630301 173.72925318 385.74327608 175.18320621 385.73944318 176.63715684 C385.73142379 180.62015541 385.73570033 184.60305972 385.74196196 188.5860579 C385.7465042 192.88783358 385.73945055 197.18959155 385.73365784 201.49136353 C385.72502874 208.94712591 385.72321604 216.40286457 385.72560501 223.85863113 C385.72870919 234.67102718 385.7170387 245.48337109 385.70105521 256.295754 C385.67508945 273.88222325 385.65507709 291.46869255 385.64160156 309.05517578 C385.64079119 310.10744131 385.63998082 311.15970685 385.6391459 312.24385922 C385.62795672 327.13196933 385.62265071 342.02007571 385.61975877 356.90818946 C385.61955478 357.95378479 385.61935079 358.99938012 385.61914062 360.07666016 C385.61884072 361.64311997 385.61884072 361.64311997 385.61853476 363.24122544 C385.61478487 380.73650371 385.59557856 398.23172573 385.56404626 415.7269758 C385.54525391 426.49113197 385.53909412 437.25514295 385.54986344 448.01931088 C385.5562454 455.42208571 385.54796774 462.82475761 385.52880932 470.22750993 C385.51826202 474.48037617 385.51374064 478.73299161 385.52728081 482.9858551 C385.58812905 503.69187127 384.32645191 523.54027484 381 544 C380.74281721 545.6494799 380.48602317 547.29902051 380.22979164 548.94864845 C373.31933449 591.66943299 349.10737001 630.74837258 319 661 C318.44376953 661.56025879 317.88753906 662.12051758 317.31445312 662.69775391 C296.59614475 683.31331688 270.91104282 698.9160268 244 710 C242.79827148 710.49838379 242.79827148 710.49838379 241.57226562 711.00683594 C228.4187634 716.37482745 214.84501743 719.89529918 201 723 C200.21641113 723.17837402 199.43282227 723.35674805 198.62548828 723.54052734 C183.35706577 726.81847576 168.34898664 727.3458589 152.78466797 727.31567383 C149.40168659 727.31252484 146.0195921 727.33601678 142.63671875 727.36132812 C128.51553624 727.40251408 114.91923718 726.37472694 101 724 C99.86691406 723.81187744 98.73382812 723.62375488 97.56640625 723.42993164 C60.77226663 716.84899658 25.25328079 701.32696959 -4 678 C-4.8971875 677.29488281 -5.794375 676.58976562 -6.71875 675.86328125 C-27.32456887 659.37270494 -43.81343137 640.17663341 -58 618 C-58.61617187 617.04996094 -59.23234375 616.09992187 -59.8671875 615.12109375 C-65.72098422 605.6390221 -69.78300521 595.28193028 -74 585 C-74.52025757 583.76769653 -74.52025757 583.76769653 -75.05102539 582.51049805 C-77.55779837 576.46909771 -79.43956565 570.39563737 -81.0625 564.0625 C-81.31999023 563.06250977 -81.57748047 562.06251953 -81.84277344 561.03222656 C-83.96681728 552.55489568 -85.51126613 544.10609373 -86.66892791 535.45035863 C-86.95265683 533.35040023 -87.25024118 531.25232191 -87.55059242 529.15467644 C-89.60761767 513.49952844 -89.28302131 497.72846231 -89.25803804 481.97255945 C-89.25345397 477.65630582 -89.26057012 473.34006897 -89.26634216 469.02381897 C-89.27492718 461.5638477 -89.27679503 454.10390012 -89.27439499 446.64392471 C-89.27128143 435.84423006 -89.28299078 425.04458724 -89.29894479 414.2449057 C-89.32483681 396.69940792 -89.3448934 379.15391011 -89.35839844 361.60839844 C-89.35920881 360.56088476 -89.36001918 359.51337108 -89.3608541 358.43411456 C-89.37208764 343.55246683 -89.37736051 328.67082285 -89.38024123 313.78917144 C-89.38054721 312.2151722 -89.38054721 312.2151722 -89.38085938 310.609375 C-89.38105931 309.56133356 -89.38125925 308.51329212 -89.38146524 307.43349184 C-89.38520129 289.94133725 -89.40430225 272.44923934 -89.43595374 254.95711315 C-89.45482912 244.18680296 -89.46085411 233.41663836 -89.45013656 222.64631622 C-89.44380602 215.26899883 -89.45189011 207.89178579 -89.47119068 200.51449127 C-89.48184379 196.26365421 -89.48607287 192.01307077 -89.47271919 187.76223564 C-89.46059597 183.86391775 -89.46713386 179.96607359 -89.48791118 176.06779633 C-89.49218427 174.66505063 -89.48984941 173.2622641 -89.47987001 171.85954739 C-89.35671202 153.1782293 -96.00714661 137.44088282 -109 124 C-123.91324741 111.33861046 -140.33077046 106.55835913 -159.6953125 107.77246094 C-175.9027318 109.37260022 -189.54904634 119.05807073 -199.75 131.25 C-207.62653652 141.88239327 -211.31628173 153.62802945 -211.26171303 166.69887543 C-211.26570909 167.6502187 -211.26970515 168.60156197 -211.27382231 169.58173382 C-211.28479193 172.76983344 -211.2815959 175.95775937 -211.2784729 179.14587402 C-211.28347601 181.45441906 -211.28935185 183.76296235 -211.29602563 186.07150316 C-211.31183772 192.4155155 -211.31525699 198.75948357 -211.31667423 205.10351324 C-211.31901212 211.24207349 -211.33264059 217.38061408 -211.3450741 223.51916049 C-211.37018212 236.07449021 -211.38605517 248.62981572 -211.39665604 261.18516541 C-211.40718168 273.61564542 -211.42181742 286.04610942 -211.44193649 298.47657776 C-211.44318536 299.24960934 -211.44443423 300.02264093 -211.44572094 300.81909772 C-211.45208474 304.74497121 -211.45852191 308.67084457 -211.46498732 312.59671789 C-211.51064398 340.40008223 -211.54709422 368.20345176 -211.578125 396.00683594 C-211.60829113 423.01660931 -211.64263068 450.02637211 -211.68261719 477.03613281 C-211.68384819 477.8687638 -211.68507919 478.70139479 -211.6863475 479.55925702 C-211.69871441 487.92091734 -211.71116613 496.28257752 -211.72367998 504.64423762 C-211.74916998 521.67774136 -211.77409391 538.71124591 -211.79867554 555.74475098 C-211.79980645 556.52791548 -211.80093736 557.31107998 -211.80210253 558.11797673 C-211.83673478 582.12173905 -211.86896791 606.12550375 -211.89883423 630.12927246 C-211.90010748 631.15146705 -211.90010748 631.15146705 -211.90140645 632.19431204 C-211.93575111 659.79620625 -211.96755635 687.39810351 -212 715 C-270.08 715 -328.16 715 -388 715 C-388.04026156 650.48022521 -388.04026156 650.48022521 -388.05130005 630.5125885 C-388.05169472 629.80045933 -388.05208938 629.08833017 -388.05249601 628.35462133 C-388.0657505 604.37369839 -388.07625004 580.39277507 -388.08468628 556.41184998 C-388.08496239 555.62897313 -388.08523851 554.84609629 -388.08552299 554.03949591 C-388.09150935 537.02385943 -388.09704964 520.00822283 -388.10213066 502.99258605 C-388.10462525 494.64764523 -388.10721837 486.30270444 -388.10986328 477.95776367 C-388.1101248 477.1273592 -388.11038632 476.29695472 -388.11065576 475.44138647 C-388.11917245 448.54470037 -388.13419059 421.64802269 -388.15259444 394.75134169 C-388.17147858 367.10241066 -388.18377528 339.45348429 -388.18782998 311.80454691 C-388.18840626 307.89579491 -388.18905753 303.98704292 -388.18975449 300.07829094 C-388.18988933 299.30902231 -388.19002418 298.53975369 -388.19016311 297.74717389 C-388.19252292 285.38374386 -388.20178923 273.02032828 -388.21366407 260.65690414 C-388.2254654 248.21558304 -388.22992925 235.7742762 -388.22700275 223.33294971 C-388.22561921 216.5968149 -388.22767185 209.86072744 -388.23841095 203.12459755 C-388.24818258 196.95005794 -388.24860956 190.77558878 -388.24179779 184.60104584 C-388.24095657 182.37464633 -388.2434603 180.14824232 -388.24976636 177.92185158 C-388.2940154 161.3260945 -387.23618577 145.40469652 -383.75 129.125 C-383.53311523 128.10817139 -383.31623047 127.09134277 -383.09277344 126.04370117 C-375.43066633 91.24541887 -359.33403289 58.9497569 -336 32 C-334.94232422 30.77603516 -334.94232422 30.77603516 -333.86328125 29.52734375 C-324.25696879 18.64478871 -314.22387216 8.91262287 -302.61376953 0.21240234 C-301.18860026 -0.85830727 -299.77861319 -1.94916093 -298.37109375 -3.04296875 C-277.16353934 -19.13946936 -252.42591821 -31.27751481 -227 -39 C-226.25911133 -39.22880859 -225.51822266 -39.45761719 -224.75488281 -39.69335938 C-150.50067731 -62.0121642 -60.91608887 -48.75130259 0 0 Z " fill="#38B6FF" transform="translate(852,656)"/>
<path d="M0 0 C1.27584961 -0.00708481 2.55169922 -0.01416962 3.86621094 -0.02146912 C5.28305089 -0.0191752 6.69989051 -0.01666549 8.11672974 -0.01396179 C9.60658016 -0.01830828 11.09642834 -0.02349122 12.58627319 -0.02944946 C16.63591401 -0.04285875 20.6854616 -0.04341591 24.7351203 -0.04088616 C28.11485362 -0.03981758 31.49456799 -0.04469702 34.87429726 -0.04949158 C42.8480261 -0.06059382 50.82170784 -0.0610204 58.79544067 -0.05497742 C67.02235376 -0.0489384 75.24909579 -0.06124512 83.47597969 -0.08254749 C90.53764209 -0.10016059 97.59925005 -0.10616524 104.66093361 -0.10290974 C108.87921619 -0.10109599 113.09737679 -0.10374199 117.3156395 -0.11762428 C121.28341544 -0.13019303 125.25092478 -0.12826769 129.21869659 -0.11521339 C130.67435165 -0.11284582 132.13002541 -0.1155888 133.58565903 -0.12383652 C135.5740086 -0.13428949 137.56243399 -0.12440874 139.55078125 -0.11352539 C141.21937352 -0.113777 141.21937352 -0.113777 142.92167473 -0.1140337 C147.11268358 0.4128551 149.71357128 2.11288663 152.71487427 5.01069641 C154.41174271 8.22581556 154.14324681 10.65683619 153.90237427 14.26069641 C152.74758911 17.1530304 152.74758911 17.1530304 151.11331177 20.00679016 C150.50866089 21.07880676 149.90401001 22.15082336 149.28103638 23.25532532 C148.61982788 24.39147278 147.95861938 25.52762024 147.27737427 26.69819641 C146.59069598 27.90242102 145.90524867 29.10734832 145.22097778 30.3129425 C143.13582703 33.97451939 141.02218294 37.61910402 138.90237427 41.26069641 C138.28894165 42.316922 137.67550903 43.37314758 137.04348755 44.46138 C134.7381981 48.42489373 132.42767222 52.38521565 130.10501099 56.33857727 C125.94413505 63.42866778 121.89957212 70.57721335 117.90237427 77.76069641 C112.77251521 86.97855725 107.51824371 96.1133107 102.16995239 105.20600891 C97.19734298 113.68573429 92.40327782 122.26018441 87.69534302 130.88960266 C79.05367943 146.54359469 79.05367943 146.54359469 73.90237427 148.26069641 C68.16480521 148.81594503 68.16480521 148.81594503 65.90237427 148.26069641 C61.80217961 144.82992129 59.18978624 140.80101598 56.58987427 136.19819641 C56.17237915 135.47414612 55.75488403 134.75009583 55.32473755 134.00410461 C53.84241598 131.42758804 52.37261441 128.84412483 50.90237427 126.26069641 C49.68805894 124.140602 48.47318288 122.02082868 47.25784302 119.90132141 C44.18413316 114.5354573 41.11825905 109.16518183 38.05619812 103.79266357 C34.67417124 97.85902016 31.28573847 91.9290487 27.89633179 85.99961853 C26.23138825 83.0868108 24.56690529 80.17373989 22.90237427 77.26069641 C22.23570979 76.09402849 21.56904313 74.92736183 20.90237427 73.76069641 C16.90237427 66.76069641 16.90237427 66.76069641 15.90261841 65.0110321 C15.23524308 63.84318637 14.56776244 62.67540081 13.900177 61.50767517 C12.24348559 58.60952511 10.58899142 55.71017371 8.93753052 52.80903625 C5.81956751 47.33639375 2.68573013 41.8754772 -0.50827026 36.4467926 C-2.01596826 33.88190047 -3.51418166 31.31152925 -5.01168823 28.74067688 C-5.72831672 27.51654395 -6.44958441 26.29511358 -7.17575073 25.07661438 C-8.18224299 23.38707817 -9.17156284 21.68734792 -10.16012573 19.98725891 C-10.72860229 19.02384583 -11.29707886 18.06043274 -11.88278198 17.06782532 C-13.27366581 13.85392213 -13.45950675 11.72892122 -13.09762573 8.26069641 C-9.63359481 2.04933062 -7.07579255 0.01306688 0 0 Z " fill="#5170FF" transform="translate(1378.0976257324219,1435.7393035888672)"/>
<path d="M0 0 C1.98 0 3.96 0 6 0 C6 7.59 6 15.18 6 23 C9.63 23 13.26 23 17 23 C20.07781875 15.36244976 23.05859045 7.69106267 26 0 C28.64 0 31.28 0 34 0 C35.50776616 4.10135565 37.00487576 8.20652067 38.5 12.3125 C38.92925781 13.47974609 39.35851562 14.64699219 39.80078125 15.84960938 C40.20683594 16.96787109 40.61289062 18.08613281 41.03125 19.23828125 C41.59682617 20.7857605 41.59682617 20.7857605 42.17382812 22.36450195 C43 25 43 25 43 28 C41.02 28 39.04 28 37 28 C36.34 25.69 35.68 23.38 35 21 C30.05 21.495 30.05 21.495 25 22 C24.34 23.98 23.68 25.96 23 28 C15.41 28 7.82 28 0 28 C0 18.76 0 9.52 0 0 Z " fill="#0C0C0C" transform="translate(620,1493)"/>
<path d="M0 0 C15.98684211 0 15.98684211 0 21 5 C23.78648779 9.39584543 23.63695245 13.96011377 23 19 C21.28454241 22.6288526 19.72007374 24.44609712 16.5625 26.875 C13 28 13 28 0 28 C0 18.76 0 9.52 0 0 Z " fill="#5B5B5B" transform="translate(526,1581)"/>
<path d="M0 0 C14.65714286 0 14.65714286 0 19 4 C19.8971875 4.7734375 19.8971875 4.7734375 20.8125 5.5625 C23.63012388 8.97330785 23.34358839 12.80822166 23 17 C21.61017885 21.56296702 20.00307701 24.33128199 16 27 C12 28 12 28 0 28 C0 18.76 0 9.52 0 0 Z " fill="#5D5D5D" transform="translate(507,1537)"/>
<path d="M0 0 C2.64 0 5.28 0 8 0 C8.60773974 1.4777022 9.21094504 2.95726927 9.8125 4.4375 C10.14894531 5.26121094 10.48539063 6.08492187 10.83203125 6.93359375 C12.34852933 10.9150352 13.67703493 14.95082371 15 19 C15.176521 18.45996338 15.35304199 17.91992676 15.53491211 17.36352539 C16.33266495 14.92881836 17.13501879 12.49565242 17.9375 10.0625 C18.21529297 9.21236328 18.49308594 8.36222656 18.77929688 7.48632812 C19.04677734 6.67744141 19.31425781 5.86855469 19.58984375 5.03515625 C19.83597412 4.2862915 20.08210449 3.53742676 20.33569336 2.76586914 C21 1 21 1 22 0 C24.64 0 27.28 0 30 0 C30 9.24 30 18.48 30 28 C28.02 28 26.04 28 24 28 C23.67 22.72 23.34 17.44 23 12 C21.3962364 16.89040176 21.3962364 16.89040176 19.79907227 21.78295898 C18.11111111 26.88888889 18.11111111 26.88888889 17 28 C15.33382885 28.04063832 13.66611905 28.042721 12 28 C9.26615793 22.14176699 7.62272674 16.25908886 6 10 C5.67 15.94 5.34 21.88 5 28 C3.35 28 1.7 28 0 28 C0 18.76 0 9.52 0 0 Z " fill="#131313" transform="translate(566,1493)"/>
<path d="M0 0 C2.64 0 5.28 0 8 0 C8.60773974 1.4777022 9.21094504 2.95726927 9.8125 4.4375 C10.14894531 5.26121094 10.48539062 6.08492187 10.83203125 6.93359375 C12.34852933 10.9150352 13.67703493 14.95082371 15 19 C15.176521 18.45996338 15.35304199 17.91992676 15.53491211 17.36352539 C16.33266495 14.92881836 17.13501879 12.49565242 17.9375 10.0625 C18.21529297 9.21236328 18.49308594 8.36222656 18.77929688 7.48632812 C19.04677734 6.67744141 19.31425781 5.86855469 19.58984375 5.03515625 C19.83597412 4.2862915 20.08210449 3.53742676 20.33569336 2.76586914 C21 1 21 1 22 0 C24.64 0 27.28 0 30 0 C30 9.24 30 18.48 30 28 C28.02 28 26.04 28 24 28 C23.67 22.72 23.34 17.44 23 12 C21.3962364 16.89040176 21.3962364 16.89040176 19.79907227 21.78295898 C18.11111111 26.88888889 18.11111111 26.88888889 17 28 C15.33382885 28.04063832 13.66611905 28.042721 12 28 C9.26615793 22.14176699 7.62272674 16.25908886 6 10 C5.67 15.94 5.34 21.88 5 28 C3.35 28 1.7 28 0 28 C0 18.76 0 9.52 0 0 Z " fill="#131313" transform="translate(466,1493)"/>
<path d="M0 0 C14 0 14 0 19 3 C20 6.5 20 6.5 20 10 C18.5625 11.9375 18.5625 11.9375 17 13 C17.495 13.33 17.99 13.66 18.5 14 C20.5436938 16.72492507 20.42147182 18.79394558 20.29296875 22.12890625 C20 24 20 24 18.6875 25.9375 C12.68533948 29.7166381 7.944319 28 0 28 C0 18.76 0 9.52 0 0 Z " fill="#0A0A0A" transform="translate(665,1493)"/>
<path d="M0 0 C2.75329021 1.79562405 4.52627461 3.05254922 6 6 C6.1501182 8.41343878 6.2215537 10.8320643 6.25 13.25 C6.27578125 14.55453125 6.3015625 15.8590625 6.328125 17.203125 C5.98152326 21.21380226 5.11928849 23.60502329 3 27 C-0.19269866 28.59634933 -3.52647627 28.37216326 -7 28 C-9.9870663 26.58507386 -10.77734099 25.44531803 -12.25 22.5 C-13.57592279 16.31236032 -13.89286999 10.42350425 -11.6875 4.4375 C-8.42966556 -0.26826086 -5.45295944 -0.56409925 0 0 Z " fill="#5A5A5A" transform="translate(592,1581)"/>
<path d="M0 0 C8 0 8 0 9.82617188 1.56054688 C10.20322266 2.27275391 10.58027344 2.98496094 10.96875 3.71875 C11.39414062 4.48574219 11.81953125 5.25273438 12.2578125 6.04296875 C12.66773438 6.85378906 13.07765625 7.66460938 13.5 8.5 C13.94085938 9.31082031 14.38171875 10.12164063 14.8359375 10.95703125 C15.91812034 12.95671693 16.96280292 14.97661552 18 17 C18.33 11.39 18.66 5.78 19 0 C20.98 0 22.96 0 25 0 C25 9.24 25 18.48 25 28 C17 28 17 28 15.08203125 26.25585938 C14.66308594 25.45986328 14.24414062 24.66386719 13.8125 23.84375 C13.10673828 22.55791016 13.10673828 22.55791016 12.38671875 21.24609375 C11.92910156 20.33988281 11.47148437 19.43367188 11 18.5 C10.51144531 17.59378906 10.02289063 16.68757813 9.51953125 15.75390625 C8.3187703 13.51719467 7.15566369 11.26034222 6 9 C5.67 15.27 5.34 21.54 5 28 C3.35 28 1.7 28 0 28 C0 18.76 0 9.52 0 0 Z " fill="#606060" transform="translate(477,1537)"/>
<path d="M0 0 C2.31 0 4.62 0 7 0 C8.87081708 2.14390615 9.97591049 3.72691463 11.25 6.1875 C11.89453125 7.33605469 12.5390625 8.48460937 13.203125 9.66796875 C13.79609375 10.76753906 14.3890625 11.86710937 15 13 C15.99 14.65 16.98 16.3 18 18 C18.33 12.06 18.66 6.12 19 0 C20.65 0 22.3 0 24 0 C24 9.24 24 18.48 24 28 C17 28 17 28 15.1796875 26.34765625 C14.74914062 25.59355469 14.31859375 24.83945313 13.875 24.0625 C13.39546875 23.25039062 12.9159375 22.43828125 12.421875 21.6015625 C11.95265625 20.74304687 11.4834375 19.88453125 11 19 C10.51015625 18.14148437 10.0203125 17.28296875 9.515625 16.3984375 C8.31839923 14.27975144 7.15577365 12.14158059 6 10 C5.67 15.94 5.34 21.88 5 28 C3.35 28 1.7 28 0 28 C0 18.76 0 9.52 0 0 Z " fill="#080808" transform="translate(512,1493)"/>
<path d="M0 0 C1.134375 0.020625 2.26875 0.04125 3.4375 0.0625 C7.33966223 9.19815041 10.35447676 18.62844888 13.4375 28.0625 C11.1275 28.0625 8.8175 28.0625 6.4375 28.0625 C5.7775 26.0825 5.1175 24.1025 4.4375 22.0625 C1.1375 21.7325 -2.1625 21.4025 -5.5625 21.0625 C-5.706875 22.031875 -5.85125 23.00125 -6 24 C-6.5625 27.0625 -6.5625 27.0625 -7.5625 28.0625 C-9.56208364 28.10330783 -11.56295254 28.10504356 -13.5625 28.0625 C-11.75930404 21.62477407 -9.65045184 15.30618522 -7.4375 9 C-7.17179199 8.2376001 -6.90608398 7.4752002 -6.63232422 6.68969727 C-4.29185516 0.0752957 -4.29185516 0.0752957 0 0 Z " fill="#5C5C5C" transform="translate(554.5625,1536.9375)"/>
<path d="M0 0 C1.134375 0.020625 2.26875 0.04125 3.4375 0.0625 C7.33966223 9.19815041 10.35447676 18.62844888 13.4375 28.0625 C11.1275 28.0625 8.8175 28.0625 6.4375 28.0625 C6.1075 25.7525 5.7775 23.4425 5.4375 21.0625 C1.8075 21.0625 -1.8225 21.0625 -5.5625 21.0625 C-5.706875 22.031875 -5.85125 23.00125 -6 24 C-6.5625 27.0625 -6.5625 27.0625 -7.5625 28.0625 C-9.56208364 28.10330783 -11.56295254 28.10504356 -13.5625 28.0625 C-11.75930404 21.62477407 -9.65045184 15.30618522 -7.4375 9 C-7.17179199 8.2376001 -6.90608398 7.4752002 -6.63232422 6.68969727 C-4.29185516 0.0752957 -4.29185516 0.0752957 0 0 Z " fill="#0E0E0E" transform="translate(551.5625,1492.9375)"/>
<path d="M0 0 C0 1.65 0 3.3 0 5 C-3.3 5.33 -6.6 5.66 -10 6 C-10.33 7.98 -10.66 9.96 -11 12 C-10.34 11.34 -9.68 10.68 -9 10 C-4.98701927 9.37575855 -3.45904505 9.67068508 -0.125 12.0625 C2.5386368 15.74458617 2.63697621 17.54116653 2 22 C-0.2 26.6 -0.2 26.6 -3 28 C-7.85155606 28.752992 -10.99874646 28.7151811 -15.0625 25.8125 C-18.38112104 21.01255677 -17.83073359 14.53130114 -17 9 C-12.94843804 1.0100482 -8.55735189 -0.67116485 0 0 Z " fill="#5C5C5C" transform="translate(637,1581)"/>
<path d="M0 0 C5.28 0 10.56 0 16 0 C16 1.65 16 3.3 16 5 C12.7 5 9.4 5 6 5 C6 6.98 6 8.96 6 11 C9.3 11 12.6 11 16 11 C16 12.65 16 14.3 16 16 C12.7 16 9.4 16 6 16 C6 18.31 6 20.62 6 23 C9.3 23 12.6 23 16 23 C16 24.65 16 26.3 16 28 C10.72 28 5.44 28 0 28 C0 18.76 0 9.52 0 0 Z " fill="#5D5D5D" transform="translate(466,1581)"/>
<path d="M0 0 C1.7734375 1.52734375 1.7734375 1.52734375 3 3 C2.67 3.99 2.34 4.98 2 6 C-1.3 5.67 -4.6 5.34 -8 5 C-8 6.65 -8 8.3 -8 10 C-7.278125 10.268125 -6.55625 10.53625 -5.8125 10.8125 C1.43661972 13.87323944 1.43661972 13.87323944 3 17 C3.44520706 21.00686356 3.63426635 23.14702112 1.1875 26.4375 C-3.46344736 28.71737616 -7.90298296 28.50067317 -13 28 C-13.66 27.67 -14.32 27.34 -15 27 C-15 25.02 -15 23.04 -15 21 C-9.06 21.99 -9.06 21.99 -3 23 C-4.95631689 17.83958313 -4.95631689 17.83958313 -9.0625 15.25 C-13 13 -13 13 -14 12 C-14.69826373 4.90098545 -14.69826373 4.90098545 -12.0625 1.5 C-8.06751501 -0.45672734 -4.38112889 -0.9106841 0 0 Z " fill="#5D5D5D" transform="translate(499,1581)"/>
<path d="M0 0 C3.4203866 1.17013226 3.91540482 1.87310723 6 5 C6.12025386 11.1329471 3.6920821 14.04954115 -0.30859375 18.30078125 C-1.53752383 19.53538768 -2.76822848 20.76822848 -4 22 C-0.7 22.33 2.6 22.66 6 23 C6 24.65 6 26.3 6 28 C-0.27 28 -6.54 28 -13 28 C-13 23 -13 23 -10.62890625 20.31640625 C-9.1077537 18.91487251 -7.55448518 17.55548578 -5.99804688 16.19335938 C-2.49299879 12.96321702 -1.27392583 10.76911897 -1 6 C-4.5219721 5.91995518 -7.61981469 5.95994298 -11 7 C-11.66 5.68 -12.32 4.36 -13 3 C-8.49636698 -0.37772476 -5.44178833 -0.43188796 0 0 Z " fill="#5C5C5C" transform="translate(572,1581)"/>
<path d="M0 0 C1.7734375 1.52734375 1.7734375 1.52734375 3 3 C2.67 3.99 2.34 4.98 2 6 C-1.3 5.67 -4.6 5.34 -8 5 C-7.84768418 7.41869379 -7.84768418 7.41869379 -7 10 C-4.98415074 11.60235258 -4.98415074 11.60235258 -2.5 12.6875 C1.91640543 14.83281087 1.91640543 14.83281087 3 17 C3.44520706 21.00686356 3.63426635 23.14702112 1.1875 26.4375 C-3.46344736 28.71737616 -7.90298296 28.50067317 -13 28 C-13.66 27.67 -14.32 27.34 -15 27 C-15 25.35 -15 23.7 -15 22 C-11.04 22.33 -7.08 22.66 -3 23 C-4.94721483 17.84137564 -4.94721483 17.84137564 -9.0625 15.3125 C-12.91239049 13.17521902 -12.91239049 13.17521902 -14 11 C-14.45404871 6.91356163 -14.66920478 4.84190279 -12.0625 1.5625 C-8.07319504 -0.47285967 -4.40849668 -0.91637291 0 0 Z " fill="#0E0E0E" transform="translate(702,1493)"/>
<path d="M0 0 C2.31279611 1.15639806 4.17409828 2.17409828 6 4 C6.51528688 8.61697044 5.84465406 11.94219407 2.92578125 15.59765625 C0.68144027 17.82085744 -1.59873803 19.94801249 -4 22 C-0.37 22.33 3.26 22.66 7 23 C7 24.65 7 26.3 7 28 C0.73 28 -5.54 28 -12 28 C-12 23 -12 23 -9.84765625 20.5703125 C-7.99493753 18.94366184 -6.14077573 17.31865331 -4.28515625 15.6953125 C-1.52225668 12.43650788 -1.24268177 10.20304176 -1 6 C-5.455 6.495 -5.455 6.495 -10 7 C-10.66 5.68 -11.32 4.36 -12 3 C-7.89826183 0.01691769 -5.03733161 -0.5397141 0 0 Z " fill="#585858" transform="translate(612,1581)"/>
<path d="M0 0 C6.93 0 13.86 0 21 0 C21 1.65 21 3.3 21 5 C18.36 5 15.72 5 13 5 C13 12.59 13 20.18 13 28 C11.02 28 9.04 28 7 28 C7 20.41 7 12.82 7 5 C4.69 5 2.38 5 0 5 C0 3.35 0 1.7 0 0 Z " fill="#5E5E5E" transform="translate(503,1581)"/>
<path d="M0 0 C6 0 6 0 8.875 2.0625 C11.5386368 5.74458617 11.63697621 7.54116653 11 12 C8.8 16.6 8.8 16.6 6 18 C4.02 18 2.04 18 0 18 C0 12.06 0 6.12 0 0 Z " fill="#F9F9F9" transform="translate(532,1586)"/>
<path d="M0 0 C1.98 0 3.96 0 6 0 C6 9.24 6 18.48 6 28 C4.02 28 2.04 28 0 28 C0 18.76 0 9.52 0 0 Z " fill="#5C5C5C" transform="translate(466,1537)"/>
<path d="M0 0 C1.98 0 3.96 0 6 0 C6 9.24 6 18.48 6 28 C4.02 28 2.04 28 0 28 C0 18.76 0 9.52 0 0 Z " fill="#0A0A0A" transform="translate(601,1493)"/>
<path d="M0 0 C1.98 0 3.96 0 6 0 C6 9.24 6 18.48 6 28 C4.02 28 2.04 28 0 28 C0 18.76 0 9.52 0 0 Z " fill="#0A0A0A" transform="translate(501,1493)"/>
<path d="M0 0 C6 0 6 0 8.375 1.375 C10.88955418 5.43697213 10.75641665 9.35344056 10 14 C8.375 16.625 8.375 16.625 6 18 C4.02 18 2.04 18 0 18 C0 12.06 0 6.12 0 0 Z " fill="#FBFBFB" transform="translate(513,1542)"/>
<path d="M0 0 C1.65 0 3.3 0 5 0 C5 8.91 5 17.82 5 27 C3.35 27 1.7 27 0 27 C0 18.09 0 9.18 0 0 Z " fill="#545454" transform="translate(534,1538)"/>
<path d="M0 0 C2.5625 0.25 2.5625 0.25 5 1 C6.34553453 3.69106907 6.20594114 5.87165422 6.25 8.875 C6.28867187 10.44894531 6.28867187 10.44894531 6.328125 12.0546875 C5.96595818 15.30556586 5.18132146 16.62350767 3 19 C1.0625 18.625 1.0625 18.625 -1 18 C-2.48520725 15.02958551 -2.1705822 12.30235553 -2.1875 9 C-2.20167969 7.741875 -2.21585938 6.48375 -2.23046875 5.1875 C-2 2 -2 2 0 0 Z " fill="#F0F0F0" transform="translate(587,1586)"/>
<path d="M0 0 C0.66 0 1.32 0 2 0 C2.66 4.62 3.32 9.24 4 14 C3.34 14 2.68 14 2 14 C1.67 15.32 1.34 16.64 1 18 C1 16.35 1 14.7 1 13 C-2.63 13 -6.26 13 -10 13 C-9.0925 11.96875 -8.185 10.9375 -7.25 9.875 C-5.22158707 7.52605956 -3.40403265 5.1876503 -1.75 2.5625 C-0.88375 1.2940625 -0.88375 1.2940625 0 0 Z " fill="#F7F7F7" transform="translate(577,1591)"/>
<path d="M0 0 C2.5 0.125 2.5 0.125 3.5 1.125 C3.6875 4.0625 3.6875 4.0625 3.5 7.125 C2.84 7.785 2.18 8.445 1.5 9.125 C-2.03571429 8.58928571 -2.03571429 8.58928571 -3.5 7.125 C-3.625 4.125 -3.625 4.125 -3.5 1.125 C-2.5 0.125 -2.5 0.125 0 0 Z " fill="#F8F8F8" transform="translate(629.5,1595.875)"/>
<path d="M0 0 C2.33294775 -0.04241723 4.66702567 -0.04092937 7 0 C8 1 8 1 8.125 3.5 C8 6 8 6 7 7 C4.66702567 7.04092937 2.33294775 7.04241723 0 7 C0 4.69 0 2.38 0 0 Z " fill="#F8F8F8" transform="translate(671,1509)"/>
<path d="M0 0 C1.90318884 2.85478326 2.4619099 4.41941308 3.125 7.6875 C3.29257812 8.49574219 3.46015625 9.30398438 3.6328125 10.13671875 C3.75398437 10.75160156 3.87515625 11.36648438 4 12 C1.69 12 -0.62 12 -3 12 C-2.69106068 10.3743193 -2.3777305 8.74947252 -2.0625 7.125 C-1.88847656 6.22007813 -1.71445312 5.31515625 -1.53515625 4.3828125 C-1 2 -1 2 0 0 Z " fill="#E2E2E2" transform="translate(554,1542)"/>
<path d="M0 0 C1.90318884 2.85478326 2.4619099 4.41941308 3.125 7.6875 C3.29257812 8.49574219 3.46015625 9.30398438 3.6328125 10.13671875 C3.75398437 10.75160156 3.87515625 11.36648438 4 12 C1.69 12 -0.62 12 -3 12 C-2.69106068 10.3743193 -2.3777305 8.74947252 -2.0625 7.125 C-1.88847656 6.22007813 -1.71445312 5.31515625 -1.53515625 4.3828125 C-1 2 -1 2 0 0 Z " fill="#D5D5D5" transform="translate(551,1498)"/>
<path d="M0 0 C2.875 -0.125 2.875 -0.125 6 0 C6.66 0.66 7.32 1.32 8 2 C7.625 4.125 7.625 4.125 7 6 C4.69 6 2.38 6 0 6 C0 4.02 0 2.04 0 0 Z " fill="#EFEFEF" transform="translate(671,1498)"/>
<path d="M0 0 C0.66 0 1.32 0 2 0 C2.66 3.3 3.32 6.6 4 10 C2.02 10 0.04 10 -2 10 C-1.54177532 6.53058454 -1.10868317 3.32604951 0 0 Z " fill="#E5E5E5" transform="translate(649,1499)"/>
<path d="M0 0 C0.33 0 0.66 0 1 0 C1 3.63 1 7.26 1 11 C0.67 11 0.34 11 0 11 C-0.2165625 9.6078125 -0.2165625 9.6078125 -0.4375 8.1875 C-0.92100111 4.99274889 -0.92100111 4.99274889 -2 2 C-1.34 1.34 -0.68 0.68 0 0 Z " fill="#E1E1E1" transform="translate(619,1589)"/>
</svg>
